{"metadata":{"formatVersion":2,"generatedBy":"Socket.io saver","frames":0,"protocolVersion":6,"frameRate":"1.1e+2","modified":"2017-05-21T19:37:06.609Z"},"frames":[["id","timestamp",{"hands":[["id","type","direction","palmNormal","palmPosition","palmVelocity","stabilizedPalmPosition","pinchStrength","grabStrength","confidence","armBasis","armWidth","elbow","wrist"]]},{"pointables":[["id","direction","handId","length","stabilizedTipPosition","tipPosition","tipVelocity","tool","carpPosition","mcpPosition","pipPosition","dipPosition","btipPosition","bases","type"]]},{"interactionBox":["center","size"]}],[53654,1495395428569704,[[12,"left",[0.0986257,0.381158,-0.919234],[-0.413692,-0.824429,-0.386233],[-147.562,172.14,32.2722],[1.19209e-7,1.19209e-7,1.19209e-7],[-147.562,172.14,32.2722],0.0800374,0,0,[[-0.920911,0.33013,0.207212],[0.388837,0.741302,0.547063],[-0.0269957,-0.584368,0.81104]],60.2111,[-164.313,9.97921,288.226],[-157.425,159.07,81.3041]]],[[120,[0.430768,-0.02013,-0.902238],12,49.2464,[-95.2715,136.11,-8.32855],[-95.2715,136.11,-8.32855],[1.19209e-7,1.19209e-7,1.19209e-7],false,[-137.585,138.154,78.2775],[-137.585,138.154,78.2775],[-116.86,137.151,35.9175],[-102.982,136.502,6.84915],[-92.9684,135.993,-12.8621],[[[0.0250686,0.98012,0.196817],[0.874905,-0.11676,0.470009],[-0.483646,-0.160413,0.860438]],[[0.114922,0.992836,0.0327174],[0.890923,-0.117581,0.438669],[-0.439374,0.021264,0.898053]],[[0.114922,0.992836,0.0327174],[0.895116,-0.11778,0.429995],[-0.430768,0.02013,0.902238]],[[0.114922,0.992836,0.0327174],[0.884177,-0.117246,0.4522],[-0.452797,0.0230397,0.891316]]],0],[123,[-0.327617,0.279202,-0.902615],12,60.8806,[-186.122,216.804,-53.7124],[-186.122,216.804,-53.7124],[1.19209e-7,1.19209e-7,1.19209e-7],false,[-155.847,171.768,75.2435],[-160.249,189.676,18.999],[-172.998,206.177,-17.7114],[-181.574,213.485,-41.3387],[-187.48,217.796,-57.4084],[[[-0.973495,0.184631,0.134977],[0.21628,0.935079,0.280804],[0.0743693,-0.302554,0.950226]],[[-0.924267,0.103428,0.367469],[0.233552,0.914632,0.330002],[0.301968,-0.390833,0.86952]],[[-0.924267,0.103428,0.367469],[0.195954,0.954646,0.224173],[0.327617,-0.279202,0.902615]],[[-0.924267,0.103428,0.367469],[0.183859,0.964205,0.19106],[0.334555,-0.244153,0.910199]]],3],[124,[-0.339101,0.402155,-0.85046],12,47.7292,[-201.011,217.572,-28.5947],[-201.011,217.572,-28.5947],[1.19209e-7,1.19209e-7,1.19209e-7],false,[-169.15,169.801,75.4053],[-179.222,191.012,25.8998],[-190.468,205.386,-2.08714],[-196.735,212.819,-17.8051],[-202.288,218.992,-31.8176],[[[-0.980609,-0.0086839,0.195784],[0.0679477,0.921984,0.381219],[0.18382,-0.38713,0.903516]],[[-0.937679,-0.0715049,0.340066],[0.086406,0.899891,0.427469],[0.336588,-0.430213,0.837631]],[[-0.937679,-0.0715049,0.340066],[0.0759471,0.912775,0.40134],[0.339101,-0.402155,0.85046]],[[-0.937679,-0.0715049,0.340066],[0.0673678,0.92263,0.379756],[0.340909,-0.378999,0.860314]]],4],[121,[-0.431387,-0.827285,-0.359868],12,55.5691,[-145.885,130.088,-36.2721],[-145.885,130.088,-36.2721],[1.19209e-7,1.19209e-7,1.19209e-7],false,[-135.842,160.429,76.7013],[-122.977,172.93,9.53727],[-130.368,160.047,-28.2447],[-140.22,141.152,-36.4638],[-147.577,126.783,-36.2148],[[[-0.875651,0.47643,-0.0790534],[0.446079,0.860626,0.245634],[-0.185063,-0.179825,0.966134]],[[-0.889834,0.455905,0.0186151],[0.418389,0.831529,-0.36539],[0.182062,0.317348,0.930668]],[[-0.889834,0.455905,0.0186151],[0.148666,0.328253,-0.932817],[0.431387,0.827285,0.359868]],[[-0.889834,0.455905,0.0186151],[-0.0236012,-0.00524553,-0.999708],[0.455674,0.890013,-0.0154275]]],1],[122,[-0.27654,-0.880497,-0.385033],12,63.3166,[-157.81,131.6,-42.041],[-157.81,131.6,-42.041],[1.19209e-7,1.19209e-7,1.19209e-7],false,[-145.1,167.397,75.6487],[-140.957,183.36,11.8186],[-146.375,168.304,-30.8243],[-153.806,144.644,-41.1703],[-159.007,127.704,-42.301],[[[-0.955733,0.294011,0.0114932],[0.287447,0.924625,0.249884],[-0.0628419,-0.242126,0.968208]],[[-0.95615,0.292307,0.0182784],[0.267633,0.897377,-0.350837],[0.118955,0.330561,0.936258]],[[-0.95615,0.292307,0.0182784],[0.0964537,0.373203,-0.922722],[0.27654,0.880497,0.385033]],[[-0.95615,0.292307,0.0182784],[0.00117447,0.0662358,-0.997803],[0.292876,0.954028,0.0636747]]],2]],[[0,200,0],[235.247,235.247,147.751]]],[53655,1495395428578272,[[12,"left",[-0.00682583,0.355422,-0.934681],[-0.595664,-0.752221,-0.281689],[-154.429,170.001,29.9967],[-801.447,-249.732,-265.573],[-148.919,171.717,31.8225],0.0800374,0,0.0100532,[[-0.80587,0.485746,0.338562],[0.590906,0.695973,0.407984],[0.0374532,-0.528841,0.847894]],60.2111,[-147.879,24.0077,296.727],[-157.435,158.932,80.4019]]],[[120,[0.258049,-0.0926319,-0.961681],12,49.2464,[-102.18,132.769,-11.4493],[-116.164,126.007,-17.7659],[-2438.39,-1179.11,-1101.47],false,[-141.855,135.16,74.7081],[-141.855,135.16,74.7081],[-129.261,130.675,29.4732],[-120.948,127.691,-1.51031],[-114.735,125.504,-22.6215],[[[0.208238,0.965424,0.156822],[0.915467,-0.248831,0.316232],[-0.34432,-0.0777142,0.93563]],[[0.26886,0.962959,-0.0206116],[0.925439,-0.252334,0.282649],[-0.266979,0.0950678,0.959002]],[[0.26886,0.962959,-0.0206116],[0.927968,-0.253238,0.273395],[-0.258049,0.0926319,0.961681]],[[0.26886,0.962959,-0.0206116],[0.921295,-0.250868,0.29712],[-0.280943,0.0988729,0.954618]]],0],[123,[-0.430493,0.319091,-0.844309],12,60.8806,[-190.855,217.609,-52.3761],[-200.055,219.309,-49.6964],[-1619.29,275.284,457.209],false,[-155.025,171.19,73.7408],[-166.419,189.218,18.5256],[-182.645,207.052,-16.1314],[-193.914,215.404,-38.2325],[-201.813,220.286,-53.2487],[[[-0.895148,0.334989,0.294096],[0.40206,0.891642,0.208141],[0.192503,-0.304561,0.932837]],[[-0.820936,0.250378,0.513201],[0.422316,0.871134,0.250548],[0.384335,-0.422417,0.820884]],[[-0.820936,0.250378,0.513201],[0.375154,0.914053,0.154167],[0.430493,-0.319091,0.844309]],[[-0.820936,0.250378,0.513201],[0.35485,0.927827,0.114968],[0.447377,-0.276491,0.850533]]],3],[121,[-0.608697,-0.752119,-0.252595],12,55.5691,[-154.798,129.275,-36.3087],[-171.203,127.778,-36.3762],[-2954.97,-269.652,-12.1502],false,[-137.039,156.88,72.1146],[-134.373,166.807,3.36032],[-150.138,155,-32.1382],[-164.04,137.822,-37.9073],[-173.343,124.777,-35.9188],[[[-0.792948,0.606632,0.0568333],[0.608081,0.782054,0.136489],[-0.0383521,-0.142788,0.98901]],[[-0.792781,0.589175,0.156114],[0.469783,0.753849,-0.459364],[0.388333,0.290835,0.874421]],[[-0.792781,0.589175,0.156114],[0.0314061,0.295279,-0.954895],[0.608697,0.752119,0.252595]],[[-0.792781,0.589175,0.156114],[-0.198702,-0.00768977,-0.98003],[0.576208,0.807969,-0.123167]]],1],[122,[-0.470594,-0.828979,-0.302218],12,63.3166,[-166.86,131.423,-41.344],[-183.582,131.095,-40.0562],[-3007.89,-58.9704,231.648],false,[-145.167,165.2,72.4378],[-149.873,179.926,8.35006],[-164.901,165.635,-32.2012],[-177.546,143.36,-40.3219],[-185.385,127.431,-39.9769],[[[-0.882806,0.439495,0.165823],[0.464279,0.870029,0.165813],[0.0713971,-0.223369,0.972116]],[[-0.882284,0.437919,0.172632],[0.335728,0.842486,-0.421313],[0.329941,0.31376,0.890333]],[[-0.882284,0.437919,0.172632],[-0.0107615,0.347882,-0.937477],[0.470594,0.828979,0.302218]],[[-0.882284,0.437919,0.172632],[-0.163373,0.0590649,-0.984795],[0.441456,0.897072,-0.0194321]]],2],[124,[-0.419292,0.445056,-0.791277],12,47.7292,[-203.898,219.239,-26.5819],[-210.209,222.877,-22.1899],[-1078.07,622.335,751.661],false,[-168.236,171.322,76.2526],[-183.463,193.538,28.5369],[-197.144,209.409,2.51154],[-204.893,217.634,-12.1126],[-211.847,224.479,-25.154],[[[-0.920896,0.145527,0.361624],[0.273354,0.902457,0.332941],[0.277899,-0.405455,0.870849]],[[-0.86251,0.0767207,0.50019],[0.297346,0.876639,0.378272],[0.409465,-0.474993,0.778922]],[[-0.86251,0.0767207,0.50019],[0.28332,0.89221,0.351697],[0.419292,-0.445056,0.791277]],[[-0.86251,0.0767207,0.50019],[0.271626,0.904167,0.329699],[0.426961,-0.420233,0.800692]]],4]],[[0,200,0],[235.247,235.247,147.751]]],[53656,1495395428587571,[[12,"left",[0.00565806,0.327779,-0.944737],[-0.615582,-0.743385,-0.261606],[-158.21,169.564,34.961],[-690.008,-192.491,-39.915],[-152.777,170.823,33.1258],0.0800374,0,0.0297441,[[-0.762329,0.459595,0.455661],[0.615144,0.733355,0.289461],[0.201126,-0.500962,0.841775]],60.2111,[-110.349,32.2614,300.422],[-161.663,160.073,85.6585]]],[[120,[0.258036,-0.128049,-0.957612],12,49.2464,[-109.631,128.967,-11.4105],[-121.052,123.138,-11.351],[-1898.47,-933.368,-595.821],false,[-146.734,135.72,80.7214],[-146.734,135.72,80.7214],[-134.146,129.558,35.6832],[-125.832,125.432,4.83084],[-119.624,122.453,-16.1846],[[[0.234587,0.963479,0.12914],[0.907309,-0.264698,0.326689],[-0.348941,-0.0405329,0.936268]],[[0.295607,0.954107,-0.0479262],[0.917272,-0.269464,0.293261],[-0.266887,0.130651,0.954831]],[[0.295607,0.954107,-0.0479262],[0.919801,-0.270711,0.284046],[-0.258036,0.128049,0.957612]],[[0.295607,0.954107,-0.0479262],[0.913131,-0.267457,0.307667],[-0.280729,0.134711,0.950286]]],0],[123,[-0.414004,0.306299,-0.857194],12,60.8806,[-195.262,217.503,-50.093],[-202.038,217.567,-46.4787],[-1219.79,142.35,423.371],false,[-158.894,172.058,78.6488],[-169.629,188.76,22.8873],[-185.173,205.758,-12.4951],[-196.01,213.776,-34.9335],[-203.651,218.409,-50.1603],[[[-0.886292,0.368205,0.280913],[0.426137,0.885894,0.183299],[0.181367,-0.282164,0.942067]],[[-0.81711,0.289957,0.498253],[0.443612,0.868228,0.222238],[0.368158,-0.402624,0.838066]],[[-0.81711,0.289957,0.498253],[0.401164,0.906701,0.130237],[0.414004,-0.306299,0.857194]],[[-0.81711,0.289957,0.498253],[0.380836,0.920354,0.0889554],[0.432776,-0.262439,0.862456]]],3],[124,[-0.409214,0.436877,-0.801051],12,47.7292,[-206.844,220.418,-23.9006],[-212.53,222.607,-18.7428],[-847.133,441.911,647.247],false,[-172.104,172.631,81.1082],[-186.574,193.844,32.7061],[-199.855,209.537,6.36741],[-207.418,217.611,-8.43741],[-214.232,224.282,-21.6414],[[[-0.917489,0.181602,0.353885],[0.297437,0.903947,0.307265],[0.264093,-0.38717,0.883376]],[[-0.858659,0.112566,0.500034],[0.323585,0.875639,0.358539],[0.39749,-0.469666,0.788299]],[[-0.858659,0.112566,0.500034],[0.308624,0.89245,0.329064],[0.409214,-0.436877,0.801051]],[[-0.858659,0.112566,0.500034],[0.296054,0.905307,0.304584],[0.418398,-0.409571,0.810675]]],4],[121,[-0.628688,-0.742065,-0.232575],12,55.5691,[-163.873,127.822,-33.6913],[-175.969,125.885,-30.2027],[-2265.52,-250.984,178.679],false,[-141.309,157.213,77.5082],[-138.177,165.032,8.50204],[-154.166,152.626,-26.6907],[-168.525,135.677,-32.0025],[-178.193,122.96,-29.6651],[[[-0.775915,0.629801,0.0361408],[0.629226,0.768572,0.115638],[-0.0450521,-0.112466,0.992634]],[[-0.776509,0.615278,0.135892],[0.49185,0.726667,-0.479623],[0.39385,0.305593,0.866888]],[[-0.776509,0.615278,0.135892],[0.0422575,0.26603,-0.963038],[0.628688,0.742065,0.232575]],[[-0.776509,0.615278,0.135892],[-0.196122,-0.0310499,-0.980088],[0.598807,0.787698,-0.14478]]],1],[122,[-0.49264,-0.824154,-0.279422],12,63.3166,[-175.94,130.578,-38.2351],[-188.241,129.434,-34.023],[-2300.25,-92.7257,349.401],false,[-149.203,165.761,77.5577],[-153.321,178.717,13.0485],[-168.627,163.66,-27.1191],[-181.865,141.515,-34.6273],[-190.145,125.826,-33.8425],[[[-0.870691,0.468504,0.14967],[0.487848,0.861327,0.141848],[0.0624588,-0.196522,0.978508]],[[-0.870232,0.467115,0.156524],[0.360208,0.820071,-0.444673],[0.336074,0.330587,0.881911]],[[-0.870232,0.467115,0.156524],[0.00152188,0.320272,-0.947324],[0.49264,0.824154,0.279422]],[[-0.870232,0.467115,0.156524],[-0.158936,0.0345299,-0.986685],[0.4663,0.883522,-0.0441921]]],2]],[[0,200,0],[235.247,235.247,147.751]]],[53657,1495395428595888,[[12,"left",[-0.164516,0.412804,-0.895839],[-0.700059,-0.688679,-0.188782],[-165.005,170.422,30.7357],[-722.592,-116.589,-160.075],[-157.893,170.655,32.1259],0.505009,0,0.0350513,[[-0.672273,0.55597,0.488821],[0.691686,0.707063,0.14708],[0.263855,-0.436989,0.859896]],60.2111,[-91.44,44.9735,299.502],[-158.758,156.463,80.1154]]],[[120,[-0.0422986,-0.157589,-0.986598],12,49.2464,[-127.71,124.983,-16.5805],[-161.774,120.042,-20.8088],[-2483.15,-827.765,-852.073],false,[-146.651,132.043,70.2487],[-146.651,132.043,70.2487],[-150.721,125.393,23.7287],[-152.084,120.315,-8.05753],[-156.891,118.343,-29.5532],[[[0.314433,0.936387,0.155924],[0.936513,-0.332839,0.110283],[-0.155165,-0.111348,0.981593]],[[0.347361,0.92356,-0.162413],[0.933755,-0.356595,-0.0307028],[0.0862714,0.140989,0.986245]],[[0.347361,0.92356,-0.162413],[0.936777,-0.349576,0.0156752],[0.0422986,0.157589,0.986598]],[[0.347361,0.92356,-0.162413],[0.912183,-0.372944,-0.169809],[0.2174,0.0891651,0.972002]]],0],[123,[-0.571602,0.341206,-0.746223],12,60.8806,[-205.783,219.525,-45.2372],[-222.004,223.249,-37.0339],[-1532.92,270.414,592.182],false,[-156.727,168.911,73.6834],[-177.421,191.126,22.8721],[-198.842,210.464,-7.94386],[-213.805,219.396,-27.4774],[-224.687,223.657,-40.7112],[[[-0.787319,0.378958,0.486333],[0.507836,0.845892,0.162999],[0.349615,-0.37531,0.858435]],[[-0.692121,0.287985,0.66184],[0.513351,0.84099,0.170899],[0.507385,-0.458039,0.729905]],[[-0.692121,0.287985,0.66184],[0.440726,0.894786,0.071543],[0.571602,-0.341206,0.746223]],[[-0.692121,0.287985,0.66184],[0.375608,0.92672,-0.0104493],[0.61635,-0.24136,0.749572]]],3],[124,[-0.539877,0.512144,-0.668013],12,47.7292,[-212.631,223.354,-18.5396],[-225.753,230.15,-6.27542],[-1038.49,555.161,862.855],false,[-169.11,169.828,78.8479],[-191.698,196.017,36.3491],[-208.931,214.701,14.6629],[-218.909,224.166,2.31684],[-228.002,231.863,-8.79009],[[[-0.814577,0.187962,0.548757],[0.408076,0.858033,0.311854],[0.412234,-0.477964,0.775637]],[[-0.732934,0.104244,0.672266],[0.443579,0.822464,0.356076],[0.515796,-0.559183,0.649052]],[[-0.732934,0.104244,0.672266],[0.413933,0.85255,0.319089],[0.539877,-0.512144,0.668013]],[[-0.732934,0.104244,0.672266],[0.388774,0.87511,0.288162],[0.558267,-0.472563,0.681925]]],4],[121,[-0.68304,-0.729658,-0.0324873],12,55.5691,[-177.665,129.305,-30.7906],[-195.245,132.464,-26.9898],[-2285.6,-21.9212,230.192],false,[-140.676,153.484,67.7446],[-151.024,167.479,0.440351],[-173.557,157.138,-31.7062],[-189.158,140.473,-32.4481],[-197.345,128.455,-25.4344],[[[-0.712634,0.65693,0.246162],[0.685563,0.72658,0.0456714],[0.148854,-0.201307,0.968152]],[[-0.705808,0.647967,0.286311],[0.440166,0.717815,-0.53944],[0.555057,0.254717,0.791853]],[[-0.705808,0.647967,0.286311],[-0.187858,0.218492,-0.957586],[0.68304,0.729658,0.0324873]],[[-0.705808,0.647967,0.286311],[-0.494615,-0.161423,-0.85399],[0.50714,0.744367,-0.434427]]],1],[122,[-0.624822,-0.499457,-0.600117],12,63.3166,[-191.101,142.621,-44.4738],[-204.225,189.423,-52.5616],[-2413.12,826.602,-315.919],false,[-147.859,162.326,70.1125],[-164.074,181.333,9.10374],[-185.71,180.988,-30.9735],[-202.499,167.567,-47.0989],[-213.577,155.727,-54.339],[[[-0.792331,0.490139,0.363283],[0.558315,0.822586,0.107875],[0.245958,-0.288299,0.925413]],[[-0.777028,0.472915,0.415426],[0.412983,0.881076,-0.230543],[0.475049,0.00757453,0.879927]],[[-0.777028,0.472915,0.415426],[0.0763164,0.725875,-0.68358],[0.624822,0.499457,0.600117]],[[-0.777028,0.472915,0.415426],[-0.0841849,0.575963,-0.813129],[0.623811,0.666797,0.407727]]],2]],[[0,200,0],[235.247,235.247,147.751]]],[53658,1495395428605179,[[12,"left",[-0.26424,0.433719,-0.861432],[-0.746745,-0.657264,-0.101863],[-167.428,171.904,27.77],[-592.342,-38.7076,-204.963],[-162.498,171.259,30.0222],0.76509,0,0.0417954,[[-0.606773,0.611581,0.507735],[0.732755,0.677921,0.0591109],[0.308053,-0.407912,0.859483]],60.2111,[-76.6993,52.8245,295.007],[-155.293,156.896,75.7254]]],[[120,[-0.236573,-0.187071,-0.953435],12,49.2464,[-150.706,121.862,-20.6521],[-183.083,119.31,-20.5365],[-2427.93,-609.748,-633.132],false,[-145.618,132.182,64.0681],[-145.618,132.182,64.0681],[-160.461,125.038,19.8696],[-168.083,119.011,-10.8482],[-179.712,118.071,-29.6353],[[[0.370737,0.920526,0.12323],[0.928299,-0.371365,-0.0186866],[-0.0285617,-0.121322,0.992202]],[[0.353687,0.897384,-0.263833],[0.880835,-0.414443,-0.228837],[0.314698,0.151456,0.93703]],[[0.353687,0.897384,-0.263833],[0.904952,-0.399633,-0.146132],[0.236573,0.187071,0.953435]],[[0.353687,0.897384,-0.263833],[0.773564,-0.439198,-0.456841],[0.525837,0.0425125,0.849522]]],0],[122,[-0.698829,-0.174562,-0.693661],12,63.3166,[-207.07,163.225,-51.2291],[-212.972,211.503,-56.4417],[-2071.45,1330.85,-377.189],false,[-145.578,162.488,64.4304],[-168.913,183.125,6.32847],[-193.405,192.192,-30.9864],[-212.183,187.501,-49.6254],[-225.186,181.316,-60.0172],[[[-0.716421,0.515004,0.470651],[0.601214,0.797985,0.0419773],[0.353954,-0.313035,0.88132]],[[-0.675616,0.479563,0.559966],[0.504363,0.85463,-0.123388],[0.537737,-0.199063,0.819276]],[[-0.675616,0.479563,0.559966],[0.234906,0.859969,-0.453069],[0.698829,0.174562,0.693661]],[[-0.675616,0.479563,0.559966],[0.085619,0.805427,-0.586478],[0.732265,0.34829,0.58522]]],2],[123,[-0.653572,0.35691,-0.667427],12,60.8806,[-217.085,222.55,-39.5124],[-230.757,227.063,-31.7955],[-1368.2,303.374,583.138],false,[-153.617,169.359,69.2197],[-179.908,193.21,21.8545],[-204.314,213.526,-5.96725],[-221.422,222.869,-23.4382],[-233.862,227.293,-35.1591],[[[-0.699795,0.401694,0.590702],[0.559469,0.822355,0.103569],[0.444164,-0.402957,0.800215]],[[-0.591762,0.308812,0.744616],[0.561819,0.82041,0.106243],[0.578081,-0.48121,0.658984]],[[-0.591762,0.308812,0.744616],[0.471871,0.881618,0.00937473],[0.653572,-0.35691,0.667427]],[[-0.591762,0.308812,0.744616],[0.391593,0.917524,-0.0693146],[0.704608,-0.250569,0.663885]]],3],[124,[-0.632955,0.484049,-0.604206],12,47.7292,[-218.853,226.022,-12.8542],[-231.029,232.379,-0.784289],[-921.164,442.138,774.764],false,[-165.161,170.679,75.9917],[-192.064,198.438,37.1605],[-211.64,217.396,17.8288],[-223.338,226.342,6.662],[-234.191,233.077,-3.44488],[[[-0.726441,0.210921,0.654061],[0.480843,0.835969,0.264472],[0.490993,-0.506624,0.708702]],[[-0.634238,0.123348,0.763235],[0.504429,0.814149,0.287598],[0.585912,-0.567404,0.578585]],[[-0.634238,0.123348,0.763235],[0.443971,0.866304,0.228929],[0.632955,-0.484049,0.604206]],[[-0.634238,0.123348,0.763235],[0.392124,0.902119,0.180057],[0.666319,-0.413482,0.620526]]],4],[121,[-0.681642,-0.718244,0.139605],12,55.5691,[-191.466,131.63,-26.3249],[-204.05,135.084,-22.1506],[-1910.48,62.5932,313.703],false,[-139.144,153.409,61.032],[-157.707,168.911,-4.14372],[-184.116,158.629,-33.2119],[-199.684,142.225,-30.0234],[-205.733,131.283,-19.8088],[[[-0.646069,0.680426,0.345853],[0.715045,0.698065,-0.0376275],[0.267031,-0.222991,0.937534]],[[-0.645969,0.680342,0.346206],[0.399456,0.687739,-0.606176],[0.650507,0.253277,0.716025]],[[-0.645969,0.680342,0.346206],[-0.34364,0.145808,-0.927713],[0.681642,0.718244,-0.139605]],[[-0.645969,0.680342,0.346206],[-0.665076,-0.278975,-0.69271],[0.374697,0.677722,-0.632688]]],1]],[[0,200,0],[235.247,235.247,147.751]]],[53659,1495395428613004,[[12,"left",[-0.262839,0.416042,-0.870531],[-0.742517,-0.663362,-0.0928443],[-167.189,171.699,27.8806],[-440.64,-35.6838,-151.605],[-164.598,171.456,29.0637],0.889403,0,0.0529848,[[-0.604685,0.607299,0.51531],[0.729558,0.681903,0.0524608],[0.319533,-0.407671,0.855396]],60.2111,[-73.6613,53.6476,294.399],[-155.184,157.658,76.1606]]],[[122,[-0.653941,-0.00113803,-0.756545],12,63.3166,[-212.783,177.836,-55.859],[-210.791,215.443,-58.6712],[-1461.68,1333.99,-382.35],false,[-145.451,163.094,64.8059],[-168.642,182.509,6.22696],[-191.591,195.366,-30.9546],[-209.163,195.335,-51.2833],[-221.694,192.632,-63.5705],[[[-0.721455,0.519535,0.457806],[0.596455,0.802096,0.0297038],[0.351773,-0.294491,0.888556]],[[-0.666408,0.474249,0.575315],[0.549559,0.833907,-0.0508397],[0.50387,-0.28229,0.81635]],[[-0.666408,0.474249,0.575315],[0.358136,0.88039,-0.310889],[0.653941,0.00113803,0.756545]],[[-0.666408,0.474249,0.575315],[0.240576,0.867129,-0.436132],[0.705708,0.152235,0.691955]]],2],[123,[-0.653461,0.334529,-0.679028],12,60.8806,[-222.763,223.221,-37.1566],[-230.597,225.027,-33.1639],[-1029.23,164.068,399.014],false,[-153.55,170.006,69.4308],[-179.763,192.817,21.5136],[-204.132,212.353,-6.89316],[-221.238,221.11,-24.6678],[-233.676,225.088,-36.549],[[[-0.704722,0.408582,0.580024],[0.554296,0.827369,0.0906462],[0.442857,-0.385385,0.80954]],[[-0.598632,0.320632,0.734054],[0.555398,0.826488,0.0919296],[0.577211,-0.462724,0.67284]],[[-0.598632,0.320632,0.734054],[0.46328,0.886164,-0.00926046],[0.653461,-0.334529,0.679028]],[[-0.598632,0.320632,0.734054],[0.381159,0.920018,-0.091019],[0.704526,-0.225304,0.672964]]],3],[124,[-0.649846,0.436468,-0.622251],12,47.7292,[-222.73,226.791,-9.98038],[-231.716,229.892,-2.33833],[-723.137,247.67,536.663],false,[-165.131,171.386,76.1263],[-192.017,198.26,36.6658],[-211.919,216.295,16.7908],[-223.929,224.362,5.29053],[-235.112,230.047,-5.0974],[[[-0.730563,0.218872,0.646817],[0.474872,0.843526,0.25092],[0.490688,-0.490468,0.720185]],[[-0.637382,0.133052,0.758974],[0.488826,0.831224,0.264795],[0.595646,-0.539782,0.594846]],[[-0.637382,0.133052,0.758974],[0.41406,0.889827,0.191734],[0.649846,-0.436468,0.622251]],[[-0.637382,0.133052,0.758974],[0.349773,0.927613,0.131122],[0.686589,-0.349043,0.637781]]],4],[120,[-0.259885,-0.225613,-0.938913],12,49.2464,[-164.117,119.417,-21.2454],[-185.266,117.246,-18.3874],[-1955.74,-521.096,-375.369],false,[-145.315,132.787,65.0094],[-145.315,132.787,65.0094],[-162.142,124.296,21.77],[-170.515,117.027,-8.47992],[-183.955,116.167,-26.0207],[[[0.36492,0.924795,0.107642],[0.930478,-0.366268,-0.00767828],[-0.0323251,-0.102961,0.99416]],[[0.346183,0.885924,-0.308702],[0.867698,-0.427469,-0.253715],[0.356733,0.180028,0.916696]],[[0.346183,0.885924,-0.308702],[0.901453,-0.405263,-0.152135],[0.259885,0.225613,0.938913]],[[0.346183,0.885924,-0.308702],[0.714694,-0.462198,-0.524963],[0.607758,0.0388941,0.793169]]],0],[121,[-0.661946,-0.722605,0.199173],12,55.5691,[-196.732,131.903,-22.9964],[-202.358,133.354,-19.9946],[-1380.84,-2.7126,320.228],false,[-138.949,153.991,61.6059],[-157.308,168.167,-3.92874],[-183.212,156.462,-32.9124],[-198.33,139.958,-28.3634],[-203.451,129.871,-16.8444],[[[-0.651489,0.683006,0.330251],[0.711211,0.701371,-0.0475214],[0.264086,-0.203918,0.942696]],[[-0.657074,0.687275,0.309689],[0.401381,0.66672,-0.627996],[0.638081,0.288336,0.713943]],[[-0.657074,0.687275,0.309689],[-0.360669,0.0741256,-0.929744],[0.661946,0.722605,-0.199173]],[[-0.657074,0.687275,0.309689],[-0.683839,-0.370575,-0.628521],[0.317204,0.624762,-0.71348]]],1]],[[0,200,0],[235.247,235.247,147.751]]],[53660,1495395428622391,[[12,"left",[-0.258711,0.366597,-0.893687],[-0.723693,-0.686351,-0.0720465],[-166.116,171.598,28.2284],[-282.74,-28.5697,-97.9253],[-165.409,171.532,28.6174],0.971547,0,0.0638178,[[-0.608899,0.589468,0.530821],[0.717954,0.694087,0.0527854],[0.33732,-0.413246,0.845839]],60.2111,[-68.5082,54.7862,293.114],[-154.569,160.218,77.3141]]],[[122,[-0.58789,0.118332,-0.800239],12,63.3166,[-213.099,190.192,-60.2995],[-207.029,214.441,-61.6516],[-879.509,1129.9,-356.481],false,[-144.788,165.356,65.8614],[-167.48,181.312,6.05547],[-188.742,195.866,-31.5019],[-204.538,199.046,-53.0047],[-215.951,199.041,-66.6091],[[[-0.742056,0.521827,0.420772],[0.575221,0.817998,-0.0000184832],[0.3442,-0.242023,0.907167]],[[-0.674534,0.474349,0.565683],[0.571919,0.820289,-0.00587732],[0.466812,-0.31956,0.824602]],[[-0.674534,0.474349,0.565683],[0.446531,0.872348,-0.199046],[0.58789,-0.118332,0.800239]],[[-0.674534,0.474349,0.565683],[0.363272,0.880337,-0.305024],[0.64268,0.000252143,0.766135]]],2],[123,[-0.648166,0.287974,-0.704948],12,60.8806,[-226.355,221.412,-37.0473],[-229.719,220.366,-36.3712],[-706.245,-19.2035,190.745],false,[-153.138,172.267,70.0187],[-179.116,192.048,20.6488],[-203.378,209.714,-9.04484],[-220.345,217.252,-27.4979],[-232.651,220.388,-39.7629],[[[-0.724553,0.417365,0.548479],[0.531414,0.845058,0.0589623],[0.438888,-0.33419,0.834083]],[[-0.619033,0.339878,0.708012],[0.535293,0.842262,0.0636962],[0.574682,-0.418424,0.703322]],[[-0.619033,0.339878,0.708012],[0.443485,0.895295,-0.0420318],[0.648166,-0.287974,0.704948]],[[-0.619033,0.339878,0.708012],[0.361867,0.923545,-0.126953],[0.69703,-0.177618,0.694695]]],3],[124,[-0.65651,0.377503,-0.653059],12,47.7292,[-226.199,226.096,-8.63336],[-231.925,225.993,-5.82074],[-522.805,57.4716,281.096],false,[-164.861,173.663,76.4586],[-191.757,197.89,35.3267],[-211.911,214.266,14.3022],[-224.044,221.243,2.23254],[-235.31,225.848,-8.59166],[[[-0.746665,0.230477,0.623996],[0.448923,0.866819,0.217009],[0.490876,-0.442159,0.75069]],[[-0.651905,0.151611,0.74299],[0.459556,0.858368,0.228063],[0.603182,-0.490121,0.629248]],[[-0.651905,0.151611,0.74299],[0.379492,0.913513,0.146562],[0.65651,-0.377503,0.653059]],[[-0.651905,0.151611,0.74299],[0.310856,0.947128,0.0794803],[0.691657,-0.282776,0.664567]]],4],[120,[-0.259386,-0.290284,-0.921116],12,49.2464,[-173.423,116.045,-19.0433],[-183.475,114.079,-15.0648],[-1401.62,-465.118,-125.435],false,[-143.883,135.108,67.5385],[-143.883,135.108,67.5385],[-161.424,123.878,25.2174],[-169.781,114.525,-4.45915],[-184.275,112.96,-21.0891],[[[0.339355,0.938178,0.0682628],[0.939514,-0.341627,0.0245754],[-0.0463765,-0.055794,0.997365]],[[0.326405,0.871287,-0.366496],[0.869001,-0.429152,-0.246302],[0.371882,0.238091,0.897227]],[[0.326405,0.871287,-0.366496],[0.908944,-0.39572,-0.13125],[0.259386,0.290284,0.921116]],[[0.326405,0.871287,-0.366496],[0.681136,-0.485641,-0.54791],[0.655373,0.0707932,0.751981]]],0],[121,[-0.636929,-0.727816,0.254174],12,55.5691,[-197.762,130.225,-19.2891],[-198.885,129.909,-17.3426],[-874.733,-99.8903,320.042],false,[-138.004,156.283,63.2086],[-155.615,166.8,-3.21447],[-180.52,152.598,-31.957],[-195.067,135.975,-26.1518],[-199.575,126.864,-13.6091],[[[-0.67415,0.68075,0.286531],[0.693789,0.716723,-0.0704688],[0.253335,-0.151285,0.955476]],[[-0.682656,0.685657,0.252696],[0.397042,0.638342,-0.659452],[0.613464,0.349848,0.708003]],[[-0.682656,0.685657,0.252696],[-0.358192,-0.0125642,-0.933563],[0.636929,0.727816,-0.254174]],[[-0.682656,0.685657,0.252696],[-0.675284,-0.459786,-0.576705],[0.279236,0.564332,-0.776889]]],1]],[[0,200,0],[235.247,235.247,147.751]]],[53661,1495395428630383,[[12,"left",[-0.239005,0.323721,-0.915468],[-0.700263,-0.710595,-0.068455],[-165.456,170.53,28.8824],[-192.14,-54.6309,-53.343],[-165.433,171.027,28.751],1,0,0.0687003,[[-0.619804,0.562002,0.54772],[0.69623,0.715833,0.0533598],[0.362088,-0.414412,0.834958]],60.2111,[-62.8676,55.6828,291.755],[-155.248,161.412,78.7309]]],[[122,[-0.529047,0.167095,-0.831978],12,63.3166,[-210.419,195.237,-63.1126],[-203.68,210.242,-64.1211],[-500.679,864.156,-330.597],false,[-145.24,166.404,67.4098],[-166.355,179.335,6.30978],[-186.001,194.09,-32.0404],[-200.217,198.58,-54.3961],[-210.517,199.788,-68.8103],[[[-0.770959,0.514546,0.375319],[0.550496,0.834727,-0.0135759],[0.320275,-0.196145,0.926796]],[[-0.699138,0.469842,0.538939],[0.570208,0.821154,0.0238282],[0.431356,-0.323967,0.842008]],[[-0.699138,0.469842,0.538939],[0.480952,0.866792,-0.131746],[0.529048,-0.167095,0.831978]],[[-0.699138,0.469842,0.538939],[0.418041,0.880127,-0.224984],[0.580041,-0.0680035,0.811743]]],2],[123,[-0.615478,0.288804,-0.733334],12,60.8806,[-226.728,219.495,-38.4078],[-227.292,217.133,-39.4096],[-447.09,-81.4339,54.184],false,[-153.926,173.21,71.0153],[-178.79,190.263,20.0789],[-202.025,207.359,-10.7479],[-218.136,214.919,-29.944],[-229.796,218.281,-42.7671],[[[-0.754715,0.415674,0.507562],[0.503937,0.862678,0.0428248],[0.420062,-0.2881,0.86055]],[[-0.647772,0.344672,0.679406],[0.526796,0.846883,0.0726322],[0.550343,-0.404957,0.730159]],[[-0.647772,0.344672,0.679406],[0.448975,0.893193,-0.0250592],[0.615478,-0.288804,0.733334]],[[-0.647772,0.344672,0.679406],[0.37971,0.919208,-0.104297],[0.660463,-0.190417,0.726312]]],3],[124,[-0.646348,0.330814,-0.687602],12,47.7292,[-228.332,224.111,-8.96689],[-231.744,221.432,-9.39567],[-385.875,-97.7031,102.319],false,[-165.897,174.49,77.0083],[-192.088,196.273,34.0931],[-212.031,211.202,11.8267],[-223.977,217.316,-0.881351],[-235.026,221.124,-12.2253],[[[-0.773846,0.231244,0.589651],[0.415535,0.887964,0.197106],[0.478009,-0.39755,0.783238]],[[-0.679924,0.159297,0.715771],[0.425969,0.880334,0.208715],[0.59687,-0.446807,0.666416]],[[-0.679924,0.159297,0.715771],[0.346319,0.930154,0.121967],[0.646348,-0.330814,0.687602]],[[-0.679924,0.159297,0.715771],[0.278308,0.959142,0.0509108],[0.678415,-0.23382,0.696477]]],4],[120,[-0.230322,-0.339858,-0.911838],12,49.2464,[-176.283,112.836,-16.2279],[-180.249,110.679,-12.4265],[-986.942,-451.759,14.1696],false,[-143.5,136.285,70.3108],[-143.5,136.285,70.3108],[-160.133,122.8,28.2826],[-167.554,111.85,-1.095],[-182.135,109.49,-17.5538],[[[0.309009,0.950124,0.0421516],[0.947817,-0.31131,0.0687669],[-0.0784593,-0.0187024,0.996742]],[[0.312062,0.861747,-0.400012],[0.882196,-0.419109,-0.214658],[0.352629,0.285902,0.891018]],[[0.312062,0.861747,-0.400012],[0.921721,-0.376682,-0.0924223],[0.230322,0.339858,0.911838]],[[0.312062,0.861747,-0.400012],[0.684032,-0.49599,-0.534877],[0.659331,0.106706,0.744242]]],0],[121,[-0.619599,-0.735009,0.275424],12,55.5691,[-196.213,127.711,-16.9106],[-195.14,126.067,-15.5895],[-539.144,-189.313,299.109],false,[-138.105,157.449,65.3412],[-153.76,164.85,-1.98608],[-177.152,148.598,-30.9131],[-191.304,131.811,-24.6226],[-195.735,123.329,-11.6201],[[[-0.703267,0.670192,0.237188],[0.674319,0.734513,-0.0760515],[0.225187,-0.106456,0.968482]],[[-0.711948,0.67401,0.19708],[0.401371,0.620859,-0.673376],[0.576221,0.400307,0.712548]],[[-0.711948,0.67401,0.19708],[-0.330494,-0.0739768,-0.940904],[0.619599,0.735009,-0.275424]],[[-0.711948,0.67401,0.19708],[-0.646372,-0.519288,-0.559055],[0.274467,0.525405,-0.805368]]],1]],[[0,200,0],[235.247,235.247,147.751]]],[53662,1495395428639118,[[12,"left",[-0.19839,0.217259,-0.95574],[-0.654991,-0.754797,-0.0356195],[-162.708,169.149,32.2682],[-56.4894,-82.3398,64.6981],[-164.029,170.059,30.564],0.846526,0,0.0843244,[[-0.628985,0.507082,0.589276],[0.659766,0.749103,0.0596091],[0.411202,-0.426277,0.80573]],60.2111,[-50.2528,56.8453,288.852],[-155.163,165.602,83.2851]]],[[120,[-0.0806425,-0.46703,-0.880556],12,49.2464,[-169.121,106.247,-9.94956],[-164.544,101.971,-4.17418],[-263.138,-597.335,270.79],false,[-141.565,140.524,78.1448],[-141.565,140.524,78.1448],[-151.7,120.67,36.5755],[-154.299,105.624,8.20571],[-166.617,100.056,-9.29628],[[[0.25373,0.966563,-0.0371179],[0.957144,-0.245348,0.153883],[-0.139631,0.074572,0.987392]],[[0.289306,0.834435,-0.469063],[0.932807,-0.355754,-0.0575326],[0.214878,0.420901,0.881289]],[[0.289306,0.834435,-0.469063],[0.953834,-0.292577,0.0678239],[0.0806425,0.46703,0.880556]],[[0.289306,0.834435,-0.469063],[0.778472,-0.490244,-0.391973],[0.557031,0.251752,0.791415]]],0],[122,[-0.458235,0.126536,-0.879778],12,63.3166,[-204.42,193.077,-65.1967],[-196.452,198.336,-66.4642],[-93.709,378.517,-288.084],false,[-144.752,170.052,72.1033],[-162.667,175.624,8.90325],[-180.048,187.273,-31.5526],[-192.36,190.673,-55.1927],[-201.297,191.372,-70.5211],[[[-0.819754,0.501501,0.276588],[0.504141,0.861019,-0.0669933],[0.271745,-0.0845216,0.958651]],[[-0.750525,0.475179,0.459257],[0.539532,0.841898,0.0106266],[0.381598,-0.255759,0.88824]],[[-0.750525,0.475179,0.459257],[0.476164,0.870743,-0.122775],[0.458235,-0.126536,0.879778]],[[-0.750525,0.475179,0.459257],[0.42828,0.879007,-0.209579],[0.503277,-0.0393963,0.863226]]],2],[123,[-0.572416,0.21276,-0.79188],12,60.8806,[-223.917,213.057,-41.5545],[-221.923,206.967,-43.7781],[-159.785,-355.471,-91.472],false,[-154.003,176.643,74.4982],[-176.515,187.081,20.7602],[-198.35,200.628,-12.7392],[-213.334,206.197,-33.4679],[-224.127,208.35,-47.2724],[[[-0.806486,0.417253,0.418905],[0.452691,0.891515,-0.0164673],[0.380331,-0.176354,0.907881]],[[-0.70359,0.36849,0.607599],[0.487335,0.872506,0.0351789],[0.517171,-0.320856,0.793464]],[[-0.70359,0.36849,0.607599],[0.421072,0.904958,-0.0612339],[0.572416,-0.21276,0.79188]],[[-0.70359,0.36849,0.607599],[0.362206,0.921601,-0.139494],[0.611366,-0.12193,0.781898]]],3],[124,[-0.621214,0.226227,-0.750276],12,47.7292,[-228.983,218.759,-11.2748],[-229.274,212.014,-14.5744],[-204.29,-355.802,-78.7876],false,[-166.378,177.782,79.6389],[-190.973,193.626,33.3112],[-210.328,205.199,8.65758],[-221.809,209.38,-5.20884],[-232.356,211.448,-17.4468],[[[-0.820683,0.240959,0.518091],[0.353553,0.926454,0.129162],[0.448864,-0.289174,0.845517]],[[-0.728495,0.186092,0.659291],[0.36567,0.919455,0.144527],[0.579293,-0.34637,0.737867]],[[-0.728495,0.186092,0.659291],[0.28877,0.956133,0.0492016],[0.621214,-0.226227,0.750276]],[[-0.728495,0.186092,0.659291],[0.223532,0.974294,-0.02801],[0.647556,-0.126968,0.751366]]],4],[121,[-0.592917,-0.738058,0.322055],12,55.5691,[-191.663,123.297,-12.5743],[-186.91,118.829,-8.72925],[-142.171,-353.697,433.049],false,[-137.026,161.384,71.365],[-148.809,161.18,2.85295],[-169.358,140.666,-25.5195],[-182.9,123.809,-18.1639],[-187.538,116.605,-4.48013],[[[-0.752088,0.646626,0.12743],[0.636893,0.762801,-0.111811],[0.169504,0.00293196,0.985525]],[[-0.758981,0.645833,0.0827478],[0.409551,0.572328,-0.710429],[0.506177,0.505313,0.698888]],[[-0.758981,0.645833,0.0827478],[-0.269067,-0.195372,-0.943098],[0.592917,0.738058,-0.322055]],[[-0.758981,0.645833,0.0827478],[-0.584311,-0.619518,-0.524193],[0.287277,0.446203,-0.84757]]],1]],[[0,200,0],[235.247,235.247,147.751]]],[53663,1495395428647634,[[12,"left",[-0.207633,0.24546,-0.94691],[-0.609487,-0.789607,-0.071039],[-159.093,163.478,34.5274],[69.5085,-235.21,117.243],[-161.508,166.698,32.5878],0.742515,0,0.0888932,[[-0.652682,0.457643,0.603795],[0.605231,0.794338,0.05217],[0.455742,-0.399486,0.795431]],60.2111,[-35.2474,56.3054,288.333],[-151.522,158.227,85.3932]]],[[120,[-0.00303969,-0.445177,-0.895438],12,49.2464,[-159.088,100.273,-7.65439],[-152.221,96.4072,-5.18237],[168.491,-603.539,176.472],false,[-136.459,134.226,79.2836],[-136.459,134.226,79.2836],[-143.271,114.947,36.777],[-143.369,100.604,7.92778],[-154.568,94.6873,-10.2006],[[[0.196741,0.980443,0.00493924],[0.96937,-0.19527,0.14897],[-0.147021,0.0245205,0.988829]],[[0.241465,0.868618,-0.432663],[0.959603,-0.280082,-0.0267512],[0.144418,0.408725,0.901159]],[[0.241465,0.868618,-0.432663],[0.970405,-0.217532,0.104854],[0.00303969,0.445177,0.895438]],[[0.241465,0.868618,-0.432663],[0.827793,-0.417043,-0.375278],[0.506412,0.267539,0.819737]]],0],[122,[-0.445603,0.174546,-0.87805],12,63.3166,[-199.641,191.511,-64.5376],[-193.798,194.747,-63.3405],[48.8643,245.851,-119.038],false,[-141.352,163.746,74.4682],[-159.355,170.925,11.4554],[-176.795,184.207,-28.4678],[-188.769,188.897,-52.0615],[-197.387,190.488,-67.5053],[[[-0.848656,0.440607,0.292657],[0.453008,0.89107,-0.0278942],[0.273069,-0.108903,0.95581]],[[-0.777721,0.410291,0.476248],[0.498522,0.864071,0.0696908],[0.382918,-0.29162,0.876545]],[[-0.777721,0.410291,0.476248],[0.443383,0.895095,-0.0470793],[0.445603,-0.174546,0.87805]],[[-0.777721,0.410291,0.476248],[0.399494,0.907546,-0.129477],[0.48534,-0.0895612,0.869726]]],2],[123,[-0.575688,0.245178,-0.780046],12,60.8806,[-221.396,207.988,-40.6453],[-219.765,202.836,-39.9184],[-53.6378,-372.167,59.1064],false,[-150.982,169.678,77.0842],[-173.89,181.043,23.7026],[-196.206,195.711,-8.99731],[-211.275,202.129,-29.4162],[-222.028,204.928,-43.1368],[[[-0.830941,0.351344,0.431387],[0.399692,0.916347,0.0235695],[0.387019,-0.192007,0.901859]],[[-0.720775,0.298294,0.625703],[0.448429,0.888993,0.0927535],[0.528577,-0.347438,0.774528]],[[-0.720775,0.298294,0.625703],[0.386091,0.922447,0.0049946],[0.575688,-0.245178,0.780046]],[[-0.720775,0.298294,0.625703],[0.331021,0.941214,-0.0673902],[0.609022,-0.158548,0.777145]]],3],[124,[-0.634046,0.229101,-0.738579],12,47.7292,[-228.851,212.117,-10.9842],[-228.087,204.522,-10.6388],[-112.474,-484.699,65.3148],false,[-163.419,169.874,82.1967],[-188.747,186.196,36.4337],[-208.752,197.906,12.3708],[-220.471,202.141,-1.27939],[-231.139,204.234,-13.4078],[[[-0.835104,0.17049,0.523004],[0.298196,0.939251,0.169963],[0.462255,-0.297895,0.835212]],[[-0.736297,0.113037,0.66715],[0.315236,0.92972,0.190384],[0.598742,-0.350489,0.720184]],[[-0.736297,0.113037,0.66715],[0.236331,0.966817,0.0970159],[0.634046,-0.229101,0.738579]],[[-0.736297,0.113037,0.66715],[0.16991,0.985244,0.0205882],[0.654978,-0.128515,0.744639]]],4],[121,[-0.54853,-0.782942,0.293456],12,55.5691,[-186.396,118.852,-10.3042],[-180.043,113.605,-8.44465],[107.575,-420.292,327.863],false,[-133.129,155.583,73.4114],[-144.654,157.584,4.88431],[-163.821,137.043,-24.42],[-176.349,119.161,-17.7177],[-180.523,111.27,-4.26504],[[[-0.789124,0.595608,0.150114],[0.591437,0.802759,-0.0760274],[0.165788,-0.0287877,0.985741]],[[-0.796155,0.596303,0.102762],[0.378441,0.623217,-0.684385],[0.472144,0.505987,0.721843]],[[-0.796155,0.596303,0.102762],[-0.255446,-0.177268,-0.950433],[0.54853,0.782942,-0.293456]],[[-0.796155,0.596303,0.102762],[-0.547095,-0.636832,-0.54326],[0.258506,0.48874,-0.833252]]],1]],[[0,200,0],[235.247,235.247,147.751]]],[53664,1495395428656552,[[12,"left",[-0.239358,0.386304,-0.890773],[-0.477769,-0.845544,-0.238309],[-159.33,161.102,35.1053],[43.3402,-243.715,102.956],[-160.335,163.683,33.944],0.671673,0,0.116806,[[-0.738857,0.289174,0.608661],[0.438735,0.892007,0.108792],[0.51147,-0.347422,0.785937]],60.2111,[-20.7622,58.8579,284.836],[-151.254,147.496,84.3182]]],[[120,[0.103244,-0.264775,-0.958767],12,49.2464,[-146.616,102.642,-13.4916],[-139.516,104.35,-16.478],[528.391,-191.772,-212.587],false,[-132.587,127.69,74.3428],[-132.587,127.69,74.3428],[-134.7,115.856,28.7318],[-131.373,107.325,-2.15784],[-140.901,103.193,-21.6825],[[[0.0404975,0.979959,0.19504],[0.987329,-0.0692225,0.142796],[-0.153435,-0.186786,0.970345]],[[0.104191,0.961494,-0.254309],[0.993548,-0.112142,-0.0169277],[0.0447947,0.250904,0.966975]],[[0.104191,0.961494,-0.254309],[0.989184,-0.0736394,0.126856],[-0.103244,0.264775,0.958767]],[[0.104191,0.961494,-0.254309],[0.896393,-0.201555,-0.394786],[0.430842,0.186827,0.882877]]],0],[122,[-0.457357,0.290094,-0.840637],12,63.3166,[-198.983,197.358,-60.4692],[-197.891,204.754,-56.4306],[-59.1965,529.569,110.033],false,[-142.028,156.483,74.9725],[-160.654,172.671,13.8393],[-179.605,191.025,-23.288],[-191.894,198.82,-45.8763],[-200.481,202.432,-60.994],[[[-0.908553,0.241637,0.340799],[0.307753,0.938784,0.154829],[0.282525,-0.245552,0.927299]],[[-0.834092,0.187897,0.518638],[0.362162,0.895717,0.257934],[0.416087,-0.402972,0.81516]],[[-0.834092,0.187897,0.518638],[0.308407,0.938371,0.156029],[0.457357,-0.290094,0.840637]],[[-0.834092,0.187897,0.518638],[0.265455,0.960898,0.0787907],[0.483553,-0.203394,0.851356]]],2],[123,[-0.586669,0.285387,-0.757874],12,60.8806,[-222.701,206.107,-36.9404],[-224.15,203.725,-33.621],[-166.966,-260.932,226.215],false,[-152.481,160.263,78.3222],[-176.65,177.928,27.2602],[-200.153,194.487,-3.65718],[-215.51,201.958,-23.4957],[-226.202,205.398,-37.1171],[[[-0.877671,0.131406,0.460897],[0.250904,0.945343,0.208263],[0.408338,-0.298427,0.862671]],[[-0.776369,0.068015,0.626598],[0.295578,0.91735,0.266653],[0.556673,-0.392229,0.732306]],[[-0.776369,0.068015,0.626598],[0.23037,0.955996,0.181664],[0.586669,-0.285387,0.757874]],[[-0.776369,0.068015,0.626598],[0.174575,0.97847,0.110093],[0.605619,-0.194862,0.771527]]],3],[124,[-0.666382,0.285263,-0.688883],12,47.7292,[-231.544,206.132,-7.30082],[-234.077,199.561,-3.24945],[-263.55,-489.646,277.943],false,[-164.817,157.576,82.9534],[-192.188,178.228,40.2159],[-213.882,191.642,18.6328],[-226.198,196.914,5.90102],[-237.153,199.971,-5.75757],[[[-0.853823,-0.0620331,0.516854],[0.146424,0.924169,0.352805],[0.499547,-0.376913,0.779994]],[[-0.739481,-0.134634,0.659577],[0.177833,0.905921,0.384295],[0.649263,-0.401473,0.645969]],[[-0.739481,-0.134634,0.659577],[0.0954058,0.948946,0.300664],[0.666382,-0.285263,0.688883]],[[-0.739481,-0.134634,0.659577],[0.0274157,0.97296,0.229339],[0.672619,-0.187675,0.715795]]],4],[121,[-0.422019,-0.898866,0.118068],12,55.5691,[-178.907,118.147,-13.3763],[-171.83,117.874,-17.2538],[331.263,-173.062,-40.8619],false,[-132.621,150.028,72.6881],[-144.013,163.235,5.39344],[-159.358,146.28,-28.1495],[-168.997,125.75,-25.4529],[-171.964,114.944,-13.8313],[[[-0.873437,0.428172,